100
6 9000041
6 6000066
6 4944703
4 00031
6 3747551
6 9478737
2 457
6 4047299
2 087
6 4000421
6 9040001
6 2000002
3 1211
3 1112
6 8887021
1 01
0 8
5 202222
6 6392813
6 0041001
1 17
6 0910091
6 1220022
6 1022201
1 21
6 7038937
6 1528678
6 5007001
6 1202102
5 004041
6 8000001
2 012
6 0090031
5 800001
6 0000701
6 6000001
6 4658061
0 1
1 09
1 01
6 0100001
0 1
6 0081606
1 11
6 1122222
6 1012021
6 0000001
6 9999999
6 1111111
6 0000001
6 0070091
3 0001
1 11
6 9000001
0 1
6 4001101
1 01
0 1
5 503801
1 81
6 0000001
3 2069
1 01
6 0000001
6 5003001
6 7967393
6 0000001
6 0861411
6 9030002
6 8000003
6 8000008
6 2201011
6 2012212
4 11111
6 0000001
1 01
6 7749206
6 0002001
6 0210022
0 5
2 221
4 12111
0 1
6 1111111
0 1
6 2097001
3 8001
6 2529365
3 0418
6 4640001
5 960001
4 00001
0 1
3 2031
6 0609001
6 2459223
6 1220002
1 21
6 0600041
5 110011
