50
3
0.76 0.41 0.82
0.35 0.29 0.24
10
0.10 0.20 0.40 0.30 0.57 0.23 0.17 0.37 0.03 0.53
0.70 0.97 0.87 0.60 0.73 0.90 0.93 0.67 0.80 0.83
10
0.62 0.72 0.07 0.79 0.29 0.94 0.51 0.05 0.11 0.78
0.52 0.12 0.14 0.20 0.39 0.58 0.40 0.33 0.88 0.19
10
0.38 0.10 0.52 0.24 0.11 0.02 0.01 0.15 0.31 0.06
0.79 0.69 0.74 0.55 0.85 0.90 0.98 0.56 0.95 0.81
10
0.162 0.371 0.724 0.181 0.543 0.610 0.124 0.933 0.448 0.714
0.067 0.343 0.429 0.095 0.905 0.895 0.457 0.486 0.676 0.638
9
0.49 0.54 0.93 0.82 0.85 0.40 0.13 0.47 0.33
0.45 0.50 0.97 0.39 0.89 0.80 0.14 0.04 0.01
10
0.74 0.96 0.13 0.65 0.78 0.52 0.09 0.57 0.91 0.26
0.61 0.70 0.48 0.22 0.39 0.43 0.35 0.83 0.87 0.30
10
0.62 0.77 0.16 0.54 0.42 0.51 0.20 0.97 0.80 0.36
0.63 0.73 0.10 0.38 0.01 0.86 0.69 0.40 0.43 0.02
10
0.73 0.58 0.67 0.23 0.22 0.94 0.77 0.41 0.14 0.08
0.84 0.29 0.76 0.04 0.75 0.30 0.96 0.06 0.09 0.19
10
0.06 0.48 0.46 0.14 0.09 0.43 0.49 0.03 0.52 0.38
0.57 0.88 0.74 0.80 0.69 0.91 0.62 0.55 0.54 0.94
3
0.93 0.77 0.33
0.30 0.63 0.17
10
0.52 0.51 0.57 0.99 0.40 0.78 0.05 0.56 0.45 0.58
0.88 0.43 0.60 0.73 0.86 0.13 0.30 0.18 0.71 0.81
10
0.313 0.446 0.955 0.161 0.080 0.759 0.036 0.232 0.670 0.598
0.455 0.777 0.687 0.830 0.196 0.330 0.545 0.786 0.607 0.964
10
0.13 0.96 0.95 0.55 0.29 0.54 0.28 0.68 0.21 0.32
0.34 0.47 0.51 0.18 0.78 0.72 0.84 0.01 0.74 0.92
10
0.38 0.81 0.10 0.31 0.65 0.19 0.68 0.85 0.76 0.59
0.22 0.82 0.21 0.37 0.16 0.29 0.49 0.41 0.78 0.18
10
0.71 0.88 0.40 0.25 0.68 0.14 0.36 0.86 0.91 0.99
0.84 0.78 0.16 0.60 0.66 0.31 0.45 0.22 0.43 0.42
1
0.8
0.2
2
0.27 0.13
0.33 0.47
10
0.87 0.08 0.82 0.79 0.50 0.92 0.55 0.58 0.95 0.76
0.03 0.63 0.37 0.47 0.16 0.53 0.66 0.89 0.45 0.18
10
0.79 0.41 0.15 0.33 0.53 0.19 0.12 0.87 0.72 0.77
0.63 0.38 0.54 0.96 0.37 0.29 0.06 0.42 0.69 0.18
4
0.67 0.78 0.94 0.56
0.22 0.17 0.11 0.33
10
0.12 0.95 0.47 0.97 0.66 0.54 0.25 0.37 0.53 0.56
0.17 0.07 0.31 0.44 0.83 0.93 0.36 0.49 0.63 0.61
10
0.74 0.96 0.88 0.72 0.81 0.15 0.66 0.55 0.63 0.46
0.73 0.52 0.87 0.84 0.61 0.83 0.51 0.93 0.39 0.22
8
0.30 0.39 0.98 0.89 0.91 0.80 0.29 0.95
0.82 0.66 0.21 0.75 0.36 0.11 0.16 0.61
10
0.333 0.367 0.925 0.267 0.567 0.958 0.292 0.325 0.650 0.150
0.733 0.550 0.883 0.175 0.850 0.225 0.867 0.092 0.133 0.900
10
0.97 0.88 0.73 0.18 0.25 0.75 0.09 0.61 0.99 0.87
0.21 0.15 0.30 0.39 0.33 0.82 0.43 0.16 0.64 0.94
10
0.53 0.81 0.60 0.17 0.23 0.12 0.62 0.73 0.39 0.08
0.91 0.64 0.18 0.02 0.11 0.35 0.31 0.92 0.28 0.76
4
0.63 0.85 0.56 0.89
0.07 0.04 0.37 0.22
10
0.76 0.36 0.07 0.43 0.50 0.33 0.88 0.79 0.17 0.83
0.10 0.14 0.12 0.55 0.60 0.21 0.05 0.24 0.29 0.48
10
0.22 0.37 0.20 0.55 0.10 0.41 0.06 0.51 0.25 0.49
0.71 0.90 0.94 0.65 0.98 0.80 0.86 0.96 0.73 0.76
10
0.67 0.96 0.98 0.46 0.66 0.37 0.91 0.64 0.51 0.13
0.69 0.81 0.34 0.61 0.44 0.15 0.27 0.78 0.40 0.48
10
0.16 0.64 0.24 0.28 0.88 0.60 0.12 0.06 0.72 0.70
0.98 0.42 0.40 0.38 0.08 0.32 0.80 0.54 0.18 0.36
6
0.73 0.69 0.55 0.15 0.82 0.10
0.97 0.39 0.16 0.93 0.25 0.63
10
0.907 0.815 0.611 0.676 0.722 0.574 0.778 0.769 0.787 0.843
0.231 0.222 0.426 0.120 0.046 0.157 0.139 0.481 0.009 0.019
5
0.78 0.89 0.64 0.81 0.47
0.08 0.25 0.39 0.56 0.36
4
0.44 0.67 0.56 0.29
0.18 0.69 0.38 0.13
5
0.71 0.53 0.65 0.24 0.35
0.06 0.59 0.76 0.41 0.29
10
0.85 0.88 0.56 0.65 0.94 0.68 0.53 0.82 0.91 0.79
0.35 0.38 0.26 0.29 0.12 0.06 0.21 0.03 0.47 0.32
10
0.12 0.54 0.71 0.50 0.17 0.87 0.38 0.83 0.42 0.25
0.29 0.75 0.96 0.21 0.67 0.33 0.04 0.58 0.46 0.79
10
0.017 0.698 0.233 0.362 0.672 0.759 0.276 0.422 0.431 0.353
0.241 0.586 0.491 0.147 0.724 0.371 0.319 0.103 0.284 0.034
1
0.8
0.2
10
0.45 0.34 0.08 0.59 0.84 0.74 0.77 0.21 0.81 0.63
0.92 0.51 0.68 0.93 0.71 0.15 0.82 0.38 0.85 0.78
10
0.274 0.887 0.481 0.075 0.302 0.840 0.689 0.057 0.877 0.453
0.123 0.783 0.717 0.368 0.868 0.811 0.642 0.575 0.802 0.415
9
0.96 0.45 0.04 0.23 0.18 0.79 0.88 0.27 0.89
0.63 0.07 0.59 0.16 0.73 0.55 0.57 0.68 0.95
3
0.6 0.9 0.4
0.1 0.7 0.3
5
0.98 0.93 0.08 0.65 0.70
0.12 0.73 0.33 0.63 0.20
10
0.103 0.991 0.504 0.026 0.795 0.205 0.855 0.111 0.735 0.607
0.128 0.718 0.846 0.077 0.085 0.897 0.521 0.949 0.966 0.308
10
0.37 0.93 0.17 0.87 0.28 0.50 0.83 0.24 0.70 0.39
0.96 0.72 0.80 0.11 0.63 0.33 0.78 0.15 0.22 0.43
2
0.1 0.3
0.8 0.7
10
0.407 0.704 0.963 0.157 0.935 0.056 0.565 0.370 0.769 0.954
0.722 0.324 0.685 0.741 0.167 0.778 0.852 0.398 0.046 0.417
