100
3 8
5 6 9 4 8 2 1 7
3 1
2
3 10
2 4 8 16 32 64 100 100 100 100
3 10
1 4 4 4 4 4 4 4 4 4
100 1
100
3 5
11 20 60 22 100
2 10
100 100 100 100 100 100 100 100 100 100
3 5
100 100 100 100 100
3 4
1 6 12 49
2 6
9 64 19 16 81 80
1 10
100 100 100 100 100 100 100 100 100 100
1 10
1 1 1 1 1 1 1 1 1 1
15 9
1 17 24 26 84 23 14 12 75
1 6
26 1 77 25 25 47
1 2
70 65
12 4
2 33 29 35
9 7
7 77 1 2 56 9 51
3 1
51
5 8
25 1 51 70 19 5 12 22
17 1
1
4 3
98 16 2
8 3
12 22 1
17 9
93 77 1 3 96 6 13 55 50
17 7
1 6 19 27 45 4 1
10 2
26 10
18 2
45 29
14 1
7
5 1
15
1 1
1
7 1
64
13 4
3 6 66 28
3 7
44 8 10 19 66 27 12
1 2
7 59
6 1
86
12 6
19 1 5 8 44 96
12 7
8 19 86 6 87 95 7
19 7
47 17 18 11 83 8 1
9 2
30 97
3 2
26 99
2 3
4 43 2
10 6
33 65 2 4 28 79
1 1
77
7 9
32 12 3 16 12 16 25 1 4
22 8
48 72 6 30 13 4 6 29
5 1
35
12 5
93 67 8 13 7
9 3
1 35 1
4 2
20 1
1 6
25 57 3 4 4 16
19 5
2 1 6 1 3
1 3
1 6 64
8 6
20 69 9 20 15 37
4 2
64 11
2 8
51 55 28 51 50 2 38 3
1 6
19 80 19 73 10 51
9 5
1 17 61 81 56
9 2
28 1
1 7
9 4 22 4 72 58 69
11 5
1 38 3 71 5
22 3
52 56 23
2 2
2 54
6 4
4 3 4 1
22 1
16
22 1
2
5 9
7 2 46 14 64 18 23 13 81
8 4
50 67 36 47
7 3
21 1 2
9 9
45 5 1 24 2 5 9 1 17
25 2
76 7
23 7
48 87 3 39 89 7 10
11 5
6 16 68 57 56
8 6
1 77 20 23 44 82
10 8
94 45 12 10 29 11 1 59
9 4
26 47 1 12
9 4
52 1 18 63
14 6
98 45 34 24 51 48
16 6
18 15 56 58 46 87
13 3
11 35 1
6 9
17 8 8 96 46 41 59 64 1
18 3
26 80 68
6 2
1 12
2 3
80 29 62
1 3
2 26 45
2 4
72 7 15 2
19 6
38 2 44 12 1 26
5 5
36 77 9 61 49
19 8
1 64 15 18 85 14 23 44
1 6
20 2 19 39 2 17
5 7
14 16 15 30 94 1 5
1 3
1 66 1
9 2
15 8
16 6
27 29 67 61 52 9
11 5
3 88 65 28 23
1 9
77 1 66 1 17 1 1 35 91
6 1
5
6 5
22 50 82 7 11
23 1
36
23 4
15 12 3 86
23 6
94 47 1 94 63 39
5 2
68 2
